1012726 149
 101301 112
 101528 114
  10397 69
 104311 113
 104438 115
 107511 116
 110160 117
  11211 70
 112657 148
  11633 71
 118002 118
 119953 119
 121999 120
  12441 72
 126768 121
  12881 73
 128825 122
 133549 123
 133688 124
 139028 125
  14060 74
 141242 126
 143407 129
 143910 127
 144482 128
 146548 131
  14667 75
 147227 132
 147301 130
 150658 133
 156686 134
  15742 76
 157761 138
 158969 135
 159144 142
 159253 141
 159293 140
 161196 136
 161814 137
 163069 143
 165221 139
  16639 77
 168793 144
  17542 78
  19405 79
 194099 145
  20356 80
  21347 81
  23327 82
23374455 150
  25495 83
  26650 84
 296244 146
  29647 85
  30018 86
  33055 87
  34632 88
  38172 89
  39875 90
  42357 91
  45022 92
  47000 93
  50192 94
  55432 95
  56999 96
  58883 97
   5894 38
   5939 37
   6007 39
   6010 36
   6036 46
   6075 43
   6098 45
   6106 40
   6196 44
  61990 98
   6225 42
   6254 35
   6259 48
   6262 49
   6285 47
   6346 41
  63633 99
   6406 50
   6419 51
   6484 53
   6592 52
  66483 100
   6683 54
   6693 55
   6928 56
   7039 58
   7064 57
  71400 101
   7161 59
  73906 102
   7489 60
 752615 147
   7617 61
  77395 103
  79353 104
   7960 62
  82517 105
   8341 63
   8614 64
  86453 106
   8831 65
  89127 108
  89258 107
   9060 66
  94461 109
  96601 110
   9785 67
  98065 111
   9938 68
