 102340 110
  10360 71
 104207 111
 108272 112
  10879 72
  10906 53
 109543 114
 111887 113
 112246 115
  11393 73
 116983 116
  12010 50
 120342 117
 122029 118
 123078 120
 123301 119
  12773 74
 128344 121
 129750 122
 134063 124
  13549 75
 136599 123
 137796 125
 140686 126
 142420 127
 143842 129
  14399 76
 145159 132
 145176 128
 146328 130
 146587 131
 148820 133
  14933 51
 151420 138
  15152 77
 152223 142
 152691 134
 153033 140
 155037 137
 155272 143
 155341 135
 155762 141
 156849 136
 156881 139
 161048 144
  16253 78
  16869 49
  16918 52
  17272 48
 182168 145
  18425 79
  19170 80
  19495 47
  19643 54
  20454 81
  22001 82
23751655 150
  24071 83
  25563 84
 263684 146
  28673 85
  29412 86
  32408 87
  33864 88
  38755 89
  40309 90
  43081 91
  45902 92
  47758 93
  52049 94
  56624 95
 570765 147
  58227 96
  60685 97
  63808 98
  66604 99
  70249 100
   7178 60
   7233 63
   7386 64
   7413 35
   7470 40
  74753 101
   7524 41
   7534 57
   7585 36
   7586 58
 760171 149
   7635 42
   7660 61
  77260 102
   7806 62
   7863 39
   7942 43
   7944 37
   8039 65
  80691 148
  80706 103
   8131 59
   8270 66
   8385 44
  83998 104
   8454 46
   8478 38
   8537 67
   8590 45
   8606 68
  86358 105
   8834 56
   8921 55
  90858 106
   9266 69
  93989 107
  94075 108
   9803 70
  99191 109
